   9.5690000e-02
   9.2520000e-02
   9.4420000e-02
   9.4420000e-02
   9.0620000e-02
   8.9980000e-02
   8.9350000e-02
   8.8720000e-02
   8.9350000e-02
   9.0620000e-02
   9.0620000e-02
   9.0620000e-02
   9.0620000e-02
   8.9350000e-02
   9.0620000e-02
   9.0620000e-02
   9.2520000e-02
   9.1880000e-02
   8.9980000e-02
   9.0620000e-02
   9.0620000e-02
   9.0620000e-02
   9.1880000e-02
   9.1250000e-02
   9.0620000e-02
   9.0620000e-02
   9.0620000e-02
   8.9980000e-02
   8.9980000e-02
   8.9980000e-02
   8.9980000e-02
   8.9980000e-02
   9.0620000e-02
   9.0620000e-02
   9.1880000e-02
   9.1250000e-02
   9.0620000e-02
   8.9980000e-02
   9.0620000e-02
   8.9980000e-02
   8.9350000e-02
   8.9980000e-02
   9.0620000e-02
   8.9980000e-02
   8.9350000e-02
   8.9350000e-02
   9.1880000e-02
   9.1880000e-02
   8.9980000e-02
   9.0620000e-02
   9.0620000e-02
   9.0620000e-02
   9.1250000e-02
   9.1250000e-02
   9.1880000e-02
   9.1880000e-02
   9.3150000e-02
   9.9490000e-02
   9.9490000e-02
   9.9490000e-02
   1.0012000e-01
   1.0456000e-01
   9.4420000e-02
   9.5690000e-02
   9.6320000e-02
   9.5050000e-02
   9.8220000e-02
   9.7590000e-02
   9.5690000e-02
   9.4420000e-02
   9.3780000e-02
   9.2520000e-02
   9.1250000e-02
   9.1250000e-02
   9.1250000e-02
   9.0620000e-02
   9.1250000e-02
   9.1250000e-02
   9.1250000e-02
   9.1250000e-02
   9.0620000e-02
   9.0620000e-02
   8.9980000e-02
   8.9980000e-02
   9.0620000e-02
   9.0620000e-02
   8.9980000e-02
   9.0620000e-02
   8.8720000e-02
   8.9350000e-02
   8.8720000e-02
   8.8720000e-02
   8.7450000e-02
   8.8080000e-02
   8.9350000e-02
   9.0620000e-02
   9.0620000e-02
   9.0620000e-02
   9.0620000e-02
   9.0620000e-02
   9.0620000e-02
   9.0620000e-02
   9.0620000e-02
   9.1250000e-02
   9.0620000e-02
   9.1880000e-02
   9.4420000e-02
   9.3780000e-02
   9.1880000e-02
   9.3150000e-02
   9.4420000e-02
   9.4420000e-02
   9.3150000e-02
   9.3150000e-02
   9.1880000e-02
   9.1880000e-02
   9.3780000e-02
   9.4420000e-02
   9.4420000e-02
   9.4420000e-02
   9.6950000e-02
   1.0329000e-01
   1.0202000e-01
   1.0202000e-01
   1.0202000e-01
   1.0899000e-01
   9.5690000e-02
   9.6950000e-02
   9.6320000e-02
   9.8220000e-02
   9.8220000e-02
   9.6320000e-02
   9.8220000e-02
   9.6950000e-02
   9.6950000e-02
   9.6950000e-02
   9.6950000e-02
   9.6950000e-02
   9.6950000e-02
   9.7590000e-02
   9.6950000e-02
   9.6950000e-02
   9.7590000e-02
   9.8220000e-02
   9.8220000e-02
   9.8220000e-02
   9.8220000e-02
   9.8850000e-02
   9.9490000e-02
   1.0076000e-01
   1.0012000e-01
   9.9490000e-02
   1.0012000e-01
   1.0012000e-01
   9.9490000e-02
   1.0012000e-01
   1.0012000e-01
   9.9490000e-02
   1.0012000e-01
   1.0012000e-01
   9.8850000e-02
   9.8850000e-02
   9.8850000e-02
   9.8220000e-02
   9.7590000e-02
   9.6950000e-02
   9.6950000e-02
   9.6950000e-02
   9.7590000e-02
   9.8220000e-02
   9.6950000e-02
   9.7590000e-02
   9.7590000e-02
   9.7590000e-02
   9.7590000e-02
   9.7270000e-02
   9.7590000e-02
   9.6950000e-02
   9.6950000e-02
   9.6950000e-02
   9.6950000e-02
   9.8220000e-02
   9.7590000e-02
   9.6950000e-02
   9.5050000e-02
   9.9490000e-02
   9.8850000e-02
   9.6320000e-02
   9.6950000e-02
   9.5690000e-02
   9.5050000e-02
   9.5690000e-02
   9.5690000e-02
   9.6320000e-02
   9.6320000e-02
   9.5690000e-02
   9.5690000e-02
   9.5690000e-02
   9.6320000e-02
   9.8850000e-02
   9.7590000e-02
   9.6950000e-02
   9.5690000e-02
   9.5690000e-02
   9.5690000e-02
   9.5690000e-02
   9.5690000e-02
   9.6950000e-02
   9.6950000e-02
   9.6320000e-02
   9.5690000e-02
   9.5690000e-02
   9.5690000e-02
   9.6320000e-02
   9.6320000e-02
   9.6950000e-02
   9.7270000e-02
   9.7590000e-02
   9.6950000e-02
   9.6950000e-02
   9.6320000e-02
   9.5690000e-02
   9.5690000e-02
   9.5690000e-02
   9.5690000e-02
   9.6320000e-02
   9.6320000e-02
   9.5690000e-02
   9.5050000e-02
   9.3780000e-02
   9.4420000e-02
   9.5050000e-02
   9.5050000e-02
   9.4420000e-02
   9.4420000e-02
   9.5050000e-02
   9.6320000e-02
   9.5690000e-02
   9.5690000e-02
   9.5690000e-02
   9.6950000e-02
   9.6640000e-02
   9.6950000e-02
   9.7590000e-02
   9.8220000e-02
   9.9490000e-02
   9.9490000e-02
   9.8220000e-02
   9.3780000e-02
   1.1533000e-01
   1.1470000e-01
   1.1596000e-01
   1.1533000e-01
   9.6950000e-02
   9.8850000e-02
   9.8220000e-02
   9.9490000e-02
   9.8220000e-02
   9.6950000e-02
   9.6320000e-02
   9.6950000e-02
   9.6950000e-02
   9.6950000e-02
   9.6950000e-02
   9.6950000e-02
   9.6320000e-02
   9.6320000e-02
   9.6950000e-02
   9.6950000e-02
   9.6950000e-02
   9.7590000e-02
   9.6950000e-02
   9.6950000e-02
   9.6950000e-02
   9.6950000e-02
   9.6320000e-02
   9.6320000e-02
   9.6320000e-02
   9.6320000e-02
   9.6950000e-02
   9.8220000e-02
   9.8850000e-02
   9.8220000e-02
   9.8220000e-02
   9.8220000e-02
   9.8220000e-02
   9.9490000e-02
   9.8850000e-02
   9.8220000e-02
   9.9490000e-02
   9.8220000e-02
   9.8220000e-02
   9.8850000e-02
   9.9490000e-02
   9.9490000e-02
   9.8850000e-02
   9.8220000e-02
   9.8850000e-02
   9.8220000e-02
   9.8850000e-02
   9.8850000e-02
   9.8850000e-02
   9.8850000e-02
   9.8850000e-02
   9.9490000e-02
   1.0012000e-01
   1.0266000e-01
   1.0202000e-01
   1.0139000e-01
   1.0266000e-01
   1.0392000e-01
   1.0963000e-01
   1.1026000e-01
   1.0963000e-01
   1.0773000e-01
   1.0646000e-01
   1.0329000e-01
   1.0456000e-01
   1.0456000e-01
   1.0646000e-01
   1.0899000e-01
   1.0963000e-01
   1.0899000e-01
   1.0773000e-01
   1.0519000e-01
   1.0519000e-01
   1.0582000e-01
   1.0646000e-01
   1.0709000e-01
   1.0836000e-01
   1.0709000e-01
   1.0836000e-01
   1.0709000e-01
   1.0836000e-01
   1.0646000e-01
   1.0646000e-01
   1.0646000e-01
   1.0709000e-01
   1.0709000e-01
   1.0899000e-01
   1.0963000e-01
   1.0836000e-01
   1.0709000e-01
   1.0773000e-01
   1.0963000e-01
   1.1026000e-01
   1.1089000e-01
   1.1280000e-01
   1.0963000e-01
   1.0963000e-01
   1.0836000e-01
   1.0709000e-01
   1.0646000e-01
   1.0266000e-01
   1.0329000e-01
   1.0709000e-01
   1.0836000e-01
   1.0899000e-01
   1.0836000e-01
   1.0836000e-01
   1.0899000e-01
   1.0836000e-01
   1.0836000e-01
   1.0836000e-01
   1.0836000e-01
   1.0963000e-01
   1.0963000e-01
   1.1089000e-01
   1.1406000e-01
   1.1216000e-01
   1.1153000e-01
   1.1406000e-01
   1.1596000e-01
   1.1596000e-01
   1.1723000e-01
   1.2357000e-01
   1.2357000e-01
   1.2103000e-01
   1.2103000e-01
   1.2167000e-01
   1.1596000e-01
   1.1723000e-01
   1.1723000e-01
   1.1850000e-01
   1.1723000e-01
   1.1660000e-01
   1.1660000e-01
   1.1660000e-01
   1.1660000e-01
   1.1596000e-01
   1.1343000e-01
   1.1343000e-01
   1.1596000e-01
   1.1596000e-01
   1.1533000e-01
   1.1470000e-01
   1.1533000e-01
   1.1533000e-01
   1.1280000e-01
   1.1280000e-01
   1.1343000e-01
   1.1533000e-01
   1.1660000e-01
   1.1660000e-01
   1.1596000e-01
   1.1596000e-01
   1.1596000e-01
   1.1850000e-01
   1.1786000e-01
   1.1660000e-01
   1.1723000e-01
   1.1850000e-01
   1.1850000e-01
   1.1786000e-01
   1.1723000e-01
   1.1786000e-01
   1.1850000e-01
   1.1913000e-01
   1.1977000e-01
   1.1850000e-01
   1.1850000e-01
   1.1850000e-01
   1.1913000e-01
   1.1850000e-01
   1.1850000e-01
   1.1850000e-01
   1.1977000e-01
   1.2040000e-01
   1.1977000e-01
   1.1913000e-01
   1.1850000e-01
   1.1723000e-01
   1.1596000e-01
   1.1723000e-01
   1.1660000e-01
   1.1723000e-01
   1.1723000e-01
   1.1628000e-01
   1.1533000e-01
   1.1343000e-01
   1.1406000e-01
   1.1406000e-01
   1.1153000e-01
   1.1089000e-01
   1.1153000e-01
   1.1216000e-01
   1.1406000e-01
   1.1216000e-01
   1.1153000e-01
   1.1026000e-01
   1.1026000e-01
   1.0836000e-01
   1.0709000e-01
   1.0646000e-01
   1.0266000e-01
   1.0519000e-01
   1.0709000e-01
   1.0582000e-01
   1.0266000e-01
   1.0076000e-01
   1.0202000e-01
   1.0139000e-01
   9.8850000e-02
   9.5690000e-02
   9.6320000e-02
   9.8850000e-02
   1.0012000e-01
   9.9490000e-02
   9.8850000e-02
   9.8850000e-02
   9.8850000e-02
   9.6320000e-02
   9.4420000e-02
   9.5690000e-02
   9.6950000e-02
   9.5050000e-02
   9.5690000e-02
   9.5690000e-02
   9.6950000e-02
   9.6320000e-02
   9.6190000e-02
   9.5050000e-02
   9.3150000e-02
   8.9350000e-02
   8.9980000e-02
   8.9980000e-02
   8.8720000e-02
   8.6810000e-02
   8.8080000e-02
   9.0620000e-02
   9.1250000e-02
   8.8720000e-02
   8.8720000e-02
   8.9350000e-02
   8.9350000e-02
   8.9350000e-02
   8.8720000e-02
   8.8720000e-02
   8.6180000e-02
   8.6810000e-02
   8.1110000e-02
   8.0480000e-02
   8.3650000e-02
   8.8080000e-02
   8.8720000e-02
   8.8080000e-02
   9.1880000e-02
   8.5550000e-02
   8.5550000e-02
   8.4910000e-02
   8.6180000e-02
   8.5550000e-02
   8.4280000e-02
   8.2380000e-02
   8.2380000e-02
   8.1110000e-02
   8.2380000e-02
   8.3650000e-02
   8.2380000e-02
   8.3010000e-02
   8.3010000e-02
   8.3010000e-02
   8.2380000e-02
   8.3010000e-02
   8.3010000e-02
   8.3010000e-02
   8.3010000e-02
   8.4280000e-02
   8.6180000e-02
   8.5550000e-02
   8.5550000e-02
   8.8080000e-02
   8.8720000e-02
   8.7450000e-02
   8.4910000e-02
   8.5550000e-02
   8.8080000e-02
   8.6180000e-02
   8.6810000e-02
   8.6180000e-02
   8.6810000e-02
   8.6810000e-02
   8.7450000e-02
   8.7450000e-02
   8.7450000e-02
   8.8080000e-02
   8.6180000e-02
   8.7450000e-02
   8.6810000e-02
   8.8080000e-02
   8.8080000e-02
   8.8720000e-02
   8.8720000e-02
   8.6810000e-02
   8.7450000e-02
   8.7450000e-02
   8.6180000e-02
   8.5550000e-02
   8.8080000e-02
   8.8720000e-02
   8.9350000e-02
   8.8080000e-02
   8.7450000e-02
   8.8080000e-02
   8.9350000e-02
   8.9350000e-02
   8.9980000e-02
   8.9350000e-02
   8.8080000e-02
   8.8080000e-02
   8.8720000e-02
   8.8080000e-02
   8.7450000e-02
   8.7450000e-02
   8.7450000e-02
   8.7450000e-02
   8.6810000e-02
   8.8720000e-02
   8.8080000e-02
   8.8080000e-02
   8.7450000e-02
   8.7450000e-02
   8.6180000e-02
   8.4910000e-02
   8.4910000e-02
   8.2380000e-02
   8.2380000e-02
   8.2380000e-02
   8.3650000e-02
   8.3650000e-02
   8.4280000e-02
   8.4910000e-02
   8.4910000e-02
   8.5550000e-02
   8.5550000e-02
   8.4910000e-02
   8.3010000e-02
   8.2380000e-02
   8.1740000e-02
   8.1740000e-02
   8.1740000e-02
   8.2380000e-02
   8.1740000e-02
   8.1740000e-02
   8.2380000e-02
   8.2380000e-02
   7.9210000e-02
   7.8580000e-02
   7.7940000e-02
   7.8580000e-02
   7.9210000e-02
   7.7940000e-02
   7.7940000e-02
   7.7940000e-02
   7.7310000e-02
   7.6680000e-02
   7.7940000e-02
   7.7310000e-02
   7.7940000e-02
   7.7310000e-02
   7.7940000e-02
   7.8580000e-02
   7.7310000e-02
   7.7940000e-02
   7.7310000e-02
   7.6040000e-02
   7.3510000e-02
   7.1610000e-02
   7.4140000e-02
   7.6040000e-02
   7.7940000e-02
   7.8580000e-02
   7.7940000e-02
   7.7940000e-02
   7.8580000e-02
   7.9210000e-02
   7.9840000e-02
   7.9840000e-02
   7.8580000e-02
   7.9210000e-02
   7.9840000e-02
   7.9210000e-02
   7.8580000e-02
   7.9210000e-02
   7.9210000e-02
   7.9210000e-02
   7.7940000e-02
   7.9210000e-02
   8.0480000e-02
   8.1110000e-02
   8.1740000e-02
   8.0480000e-02
   7.9840000e-02
   7.9210000e-02
   7.9840000e-02
   8.0480000e-02
   7.9840000e-02
   8.0480000e-02
   8.0480000e-02
   8.0480000e-02
   8.0480000e-02
   7.9840000e-02
   7.9210000e-02
   7.9210000e-02
   7.9210000e-02
   8.0480000e-02
   8.1110000e-02
   8.1740000e-02
   8.1110000e-02
   8.1110000e-02
   7.9840000e-02
   7.8580000e-02
   7.9210000e-02
   7.9210000e-02
   7.9210000e-02
   8.1110000e-02
   8.1740000e-02
   8.0480000e-02
   8.0480000e-02
   8.2380000e-02
   8.1740000e-02
   8.0480000e-02
   8.1110000e-02
   8.1110000e-02
   8.1740000e-02
   8.2380000e-02
   8.2380000e-02
   8.2380000e-02
   8.1110000e-02
   8.1110000e-02
   8.0480000e-02
   8.0480000e-02
   8.1740000e-02
   8.0480000e-02
   8.1110000e-02
   8.1110000e-02
   8.0480000e-02
   8.0480000e-02
   8.1110000e-02
   8.1110000e-02
   8.0480000e-02
   8.0480000e-02
   8.0480000e-02
   8.1110000e-02
   8.1110000e-02
   8.1110000e-02
   8.1740000e-02
   8.1740000e-02
   8.1110000e-02
   8.1740000e-02
   8.1740000e-02
   8.1110000e-02
   8.1110000e-02
   8.1740000e-02
   8.1740000e-02
   8.2380000e-02
   8.2380000e-02
   8.1740000e-02
   8.1740000e-02
   8.1110000e-02
   7.9210000e-02
   8.0480000e-02
   8.1110000e-02
   8.1740000e-02
   8.2380000e-02
   8.2380000e-02
   8.2380000e-02
   8.1740000e-02
   8.0480000e-02
   8.1740000e-02
   8.1740000e-02
   8.1740000e-02
   8.4280000e-02
   8.3010000e-02
   8.1110000e-02
   8.1110000e-02
   8.1740000e-02
   8.1740000e-02
   8.1740000e-02
   8.1740000e-02
   8.2380000e-02
   8.3010000e-02
   8.3010000e-02
   8.4280000e-02
   8.4280000e-02
   8.3010000e-02
   8.3010000e-02
   8.3010000e-02
   8.2380000e-02
   8.2380000e-02
   8.1740000e-02
   8.0790000e-02
   8.1110000e-02
   8.0480000e-02
   8.1110000e-02
   8.1430000e-02
   8.2380000e-02
   8.6810000e-02
   8.8720000e-02
   9.0620000e-02
   9.2520000e-02
   8.4280000e-02
   8.4280000e-02
   8.3010000e-02
   8.3010000e-02
   8.2380000e-02
   8.1110000e-02
   8.0480000e-02
   8.1740000e-02
   8.1740000e-02
   8.3650000e-02
   8.3650000e-02
   8.3010000e-02
   8.1740000e-02
   8.0480000e-02
   8.2380000e-02
   8.1740000e-02
   8.1740000e-02
   8.1740000e-02
   8.1740000e-02
   8.1110000e-02
   8.1110000e-02
   8.1110000e-02
   8.0480000e-02
   8.0480000e-02
   7.9840000e-02
   8.0480000e-02
   7.9840000e-02
   7.9210000e-02
   7.9840000e-02
   8.0480000e-02
   8.0480000e-02
   8.1110000e-02
   8.0480000e-02
   8.0480000e-02
   8.0480000e-02
   8.0480000e-02
   8.0480000e-02
   7.9840000e-02
   8.0480000e-02
   8.0480000e-02
   8.0480000e-02
   7.9840000e-02
   8.0480000e-02
   7.9840000e-02
   7.9210000e-02
   7.9210000e-02
   7.8580000e-02
   7.7940000e-02
   7.5410000e-02
   7.6040000e-02
   7.6040000e-02
   7.6040000e-02
   7.6680000e-02
   7.6680000e-02
   7.7310000e-02
   8.0950000e-02
   8.0480000e-02
   7.9210000e-02
   7.9840000e-02
   7.9210000e-02
   7.6040000e-02
   7.5410000e-02
   7.5410000e-02
   7.5410000e-02
   7.4770000e-02
   7.5410000e-02
   7.6040000e-02
   7.5410000e-02
   7.4770000e-02
   7.2870000e-02
   7.0340000e-02
   7.0340000e-02
   7.1610000e-02
   7.0970000e-02
   7.0970000e-02
   7.0970000e-02
   6.9700000e-02
   6.8440000e-02
   6.9070000e-02
   6.9700000e-02
   7.1610000e-02
   7.0340000e-02
   7.0340000e-02
   7.0340000e-02
   7.0970000e-02
   7.0340000e-02
   7.0340000e-02
   7.0970000e-02
   7.0340000e-02
   7.0340000e-02
   7.0340000e-02
   6.9070000e-02
   6.8440000e-02
   7.0340000e-02
   7.0340000e-02
   7.0340000e-02
   7.0970000e-02
   7.0970000e-02
   7.1610000e-02
   7.1610000e-02
   7.0970000e-02
   7.0340000e-02
   7.0340000e-02
   7.0340000e-02
   7.0970000e-02
   7.0340000e-02
   7.0340000e-02
   7.0340000e-02
   7.2240000e-02
   7.0970000e-02
   7.0970000e-02
   7.0340000e-02
   7.0970000e-02
   7.0970000e-02
   7.0970000e-02
   7.0970000e-02
   7.0970000e-02
   7.0970000e-02
   7.0970000e-02
   7.0340000e-02
   7.0340000e-02
   7.1610000e-02
   7.1610000e-02
   7.1610000e-02
   7.1610000e-02
   7.2240000e-02
   7.0970000e-02
   7.0970000e-02
   7.0970000e-02
   7.0970000e-02
   7.0970000e-02
   7.0970000e-02
   7.0340000e-02
   6.9700000e-02
   6.9070000e-02
   6.7170000e-02
   6.7170000e-02
   6.6540000e-02
   6.6540000e-02
   6.5900000e-02
   6.5900000e-02
   6.5900000e-02
   6.5900000e-02
   6.5900000e-02
   6.5900000e-02
   6.5900000e-02
   6.5900000e-02
   6.5900000e-02
   6.5270000e-02
   6.4640000e-02
   6.4640000e-02
   6.5270000e-02
   6.5270000e-02
   6.5270000e-02
   6.5270000e-02
   6.5270000e-02
   6.5270000e-02
   6.4640000e-02
   6.4000000e-02
   6.3370000e-02
   6.4000000e-02
   6.5270000e-02
   6.4640000e-02
   6.3370000e-02
   6.0200000e-02
   6.0830000e-02
   6.0200000e-02
   6.0200000e-02
   5.9570000e-02
   6.0200000e-02
   5.9570000e-02
   5.9570000e-02
   6.0200000e-02
   5.9570000e-02
   5.8930000e-02
   6.0200000e-02
   6.0200000e-02
   6.0200000e-02
   6.0200000e-02
   6.0200000e-02
   6.0830000e-02
   6.0830000e-02
   6.0830000e-02
   6.0200000e-02
   6.0200000e-02
   6.5270000e-02
   6.4000000e-02
   6.2730000e-02
   6.1470000e-02
   6.2100000e-02
   6.0830000e-02
   6.1470000e-02
   6.1470000e-02
   6.0200000e-02
   6.0200000e-02
   6.0200000e-02
   5.9570000e-02
   5.9570000e-02
   5.9570000e-02
   5.9570000e-02
   5.9570000e-02
   6.0200000e-02
   6.0830000e-02
   6.0830000e-02
   6.1470000e-02
   6.1470000e-02
   6.1470000e-02
   6.0830000e-02
   6.0830000e-02
   6.0830000e-02
   6.0830000e-02
   6.0830000e-02
   6.0830000e-02
   5.9570000e-02
   6.0200000e-02
   6.0830000e-02
   6.0830000e-02
   6.0830000e-02
   6.0830000e-02
   6.1470000e-02
   6.1470000e-02
   6.1470000e-02
   6.1470000e-02
   6.1470000e-02
   6.0830000e-02
   6.1470000e-02
   6.2100000e-02
   6.2100000e-02
   6.2100000e-02
   6.1470000e-02
   6.1470000e-02
   6.1470000e-02
   6.1470000e-02
   6.1470000e-02
   6.2100000e-02
   6.3370000e-02
   6.3370000e-02
   6.2730000e-02
   6.2100000e-02
   6.2100000e-02
   6.1470000e-02
   6.2100000e-02
   6.1470000e-02
   6.0830000e-02
   6.2100000e-02
   6.7170000e-02
   6.8440000e-02
   6.6540000e-02
   6.8440000e-02
   7.2240000e-02
   8.2930000e-02
   7.7390000e-02
   7.2070000e-02
   7.2560000e-02
   7.3510000e-02
   7.8580000e-02
   6.7170000e-02
   6.7170000e-02
   6.6540000e-02
   6.4640000e-02
   6.2730000e-02
   6.2100000e-02
   6.3370000e-02
   6.4000000e-02
   6.4640000e-02
   6.2100000e-02
   6.2100000e-02
   6.2730000e-02
   6.2100000e-02
   6.2730000e-02
   6.1470000e-02
   6.2100000e-02
   6.2730000e-02
   6.3370000e-02
   6.3370000e-02
   6.2730000e-02
   6.2100000e-02
   6.3370000e-02
   6.2730000e-02
   6.1470000e-02
   6.1470000e-02
   6.1470000e-02
   6.4000000e-02
   6.4640000e-02
   6.5270000e-02
   6.4640000e-02
   6.4640000e-02
   6.5270000e-02
   6.4000000e-02
   6.2100000e-02
   6.2100000e-02
   6.2730000e-02
   6.2730000e-02
   6.2100000e-02
   6.2100000e-02
   6.2100000e-02
   6.2730000e-02
   6.2730000e-02
   6.2730000e-02
   6.2100000e-02
   6.2100000e-02
   6.2730000e-02
   6.3370000e-02
   6.4000000e-02
   6.2730000e-02
   6.2730000e-02
   6.2730000e-02
   6.2730000e-02
   6.2100000e-02
   6.1470000e-02
   6.2100000e-02
   6.1470000e-02
   7.2240000e-02
   7.0970000e-02
   6.7170000e-02
   6.6540000e-02
   6.5270000e-02
   6.5270000e-02
   6.4640000e-02
   6.4000000e-02
   6.4000000e-02
   6.3370000e-02
   6.3370000e-02
   6.4000000e-02
   6.4000000e-02
   6.5270000e-02
   6.7170000e-02
   6.9070000e-02
   6.7170000e-02
   6.5270000e-02
   6.6540000e-02
   6.6540000e-02
   6.5900000e-02
   6.5270000e-02
   6.6540000e-02
   6.7800000e-02
   6.7170000e-02
   6.8440000e-02
   7.0340000e-02
   7.0970000e-02
   6.8440000e-02
   6.9070000e-02
   6.8440000e-02
   6.8440000e-02
   6.8440000e-02
   6.9070000e-02
   6.8440000e-02
   6.9700000e-02
   7.0970000e-02
   7.0340000e-02
   7.0970000e-02
   7.0970000e-02
   7.0340000e-02
   7.0340000e-02
   7.0970000e-02
   7.0970000e-02
   7.0340000e-02
   6.9070000e-02
   6.9070000e-02
   6.9070000e-02
   6.9070000e-02
   6.9070000e-02
   6.9070000e-02
   6.9700000e-02
   6.9070000e-02
   6.8440000e-02
   6.8440000e-02
   6.9700000e-02
   6.9070000e-02
   6.9070000e-02
   6.9070000e-02
   6.9700000e-02
   7.4140000e-02
   7.4140000e-02
   7.3510000e-02
   7.3510000e-02
   7.4140000e-02
   6.9700000e-02
   6.9700000e-02
   6.9070000e-02
   6.9070000e-02
   6.8440000e-02
   6.8440000e-02
   6.9070000e-02
   6.9070000e-02
   6.8440000e-02
   6.8440000e-02
   6.7800000e-02
   6.7800000e-02
   6.7170000e-02
   6.7170000e-02
   6.7170000e-02
   6.7170000e-02
   6.7170000e-02
   6.7800000e-02
   6.7800000e-02
   6.8440000e-02
   6.8440000e-02
   6.7800000e-02
   6.7800000e-02
   6.7800000e-02
   6.7800000e-02
   6.8440000e-02
   6.8440000e-02
   6.8440000e-02
   6.7170000e-02
   6.7800000e-02
   6.7800000e-02
   6.7170000e-02
   6.7170000e-02
   6.7170000e-02
   6.7800000e-02
   6.7800000e-02
   6.7800000e-02
   6.7800000e-02
   6.7800000e-02
   6.7800000e-02
   6.7170000e-02
   6.7800000e-02
   6.8440000e-02
   6.8440000e-02
   6.9070000e-02
   6.9070000e-02
   6.9070000e-02
   6.9070000e-02
   7.0970000e-02
   7.2240000e-02
   7.3510000e-02
   7.2870000e-02
   7.2870000e-02
   7.3510000e-02
   7.3510000e-02
   7.3510000e-02
   7.2870000e-02
   7.2870000e-02
   7.3510000e-02
   7.5410000e-02
   7.7940000e-02
   7.7310000e-02
   7.6040000e-02
   7.7940000e-02
   7.6040000e-02
   7.6040000e-02
   7.5410000e-02
   7.5410000e-02
   7.5410000e-02
   7.6040000e-02
   7.5410000e-02
   7.6040000e-02
   7.7310000e-02
   7.7310000e-02
   7.7940000e-02
   7.7940000e-02
   7.9840000e-02
   7.9210000e-02
   7.9210000e-02
   7.7310000e-02
   7.0970000e-02
   7.0970000e-02
   6.9700000e-02
   7.1610000e-02
   7.3510000e-02
   7.2240000e-02
   7.0340000e-02
   7.0340000e-02
   7.0340000e-02
   6.9700000e-02
   6.7800000e-02
   6.7170000e-02
   6.7800000e-02
   6.9070000e-02
   6.9070000e-02
   6.8440000e-02
   6.7800000e-02
   6.8440000e-02
   7.0340000e-02
   7.0970000e-02
   6.8440000e-02
   6.9700000e-02
   6.9700000e-02
   6.9070000e-02
   6.9700000e-02
   6.9070000e-02
   6.9700000e-02
   7.0970000e-02
   7.0970000e-02
   7.0340000e-02
   7.0340000e-02
   7.0340000e-02
   7.0340000e-02
   7.0340000e-02
   6.9700000e-02
   6.9700000e-02
   6.9700000e-02
   6.9700000e-02
   6.9700000e-02
   6.8440000e-02
   6.8440000e-02
   6.7800000e-02
   6.7800000e-02
   6.8440000e-02
   7.3820000e-02
   6.9710000e-02
   7.0300000e-02
   7.2240000e-02
   7.1610000e-02
   7.0340000e-02
   7.0970000e-02
   7.1610000e-02
   7.0970000e-02
   6.9700000e-02
   7.0340000e-02
   7.0340000e-02
   6.9390000e-02
   6.9700000e-02
   6.9700000e-02
   6.9700000e-02
   7.0340000e-02
   7.0970000e-02
   6.9700000e-02
   6.9070000e-02
   6.9700000e-02
   6.9700000e-02
   6.9070000e-02
   6.9070000e-02
   6.9070000e-02
   6.8440000e-02
   6.9070000e-02
   6.8440000e-02
   6.8440000e-02
   6.7800000e-02
   6.8440000e-02
   6.7800000e-02
   6.7170000e-02
   6.5900000e-02
   6.6540000e-02
   6.7800000e-02
   6.8440000e-02
   6.8440000e-02
   6.7800000e-02
   6.8440000e-02
   6.8440000e-02
   6.8440000e-02
   6.7800000e-02
   6.7800000e-02
   6.7800000e-02
   6.7800000e-02
   6.7800000e-02
   6.7800000e-02
   6.7170000e-02
   6.7170000e-02
   6.7800000e-02
   6.7800000e-02
   6.7170000e-02
   6.7170000e-02
   6.7800000e-02
   6.7800000e-02
   6.7800000e-02
   6.7800000e-02
   6.7170000e-02
   6.7170000e-02
   6.7170000e-02
   6.7170000e-02
   6.9070000e-02
   6.9070000e-02
   6.9070000e-02
   6.9070000e-02
   6.9070000e-02
   6.7800000e-02
   6.7800000e-02
   6.9700000e-02
   6.9700000e-02
   7.0340000e-02
   7.0340000e-02
   7.0340000e-02
   7.0340000e-02
   6.8440000e-02
   6.9070000e-02
   6.9070000e-02
   7.0970000e-02
   7.0970000e-02
   7.1610000e-02
   7.1610000e-02
   7.0340000e-02
   7.0340000e-02
   7.0340000e-02
   7.0340000e-02
   7.0970000e-02
   7.0970000e-02
   7.0340000e-02
   6.9700000e-02
   7.0340000e-02
   7.0970000e-02
   7.0970000e-02
   7.2870000e-02
   7.2870000e-02
   7.2240000e-02
   7.2870000e-02
   7.2240000e-02
   7.2870000e-02
   7.2240000e-02
   7.2240000e-02
   7.2240000e-02
   7.2870000e-02
   7.3510000e-02
   7.3510000e-02
   7.4140000e-02
   7.6040000e-02
   7.6680000e-02
   7.6680000e-02
   7.5410000e-02
   7.5410000e-02
   7.5410000e-02
   7.5410000e-02
   7.5410000e-02
   7.4770000e-02
   7.5410000e-02
   7.5410000e-02
   7.5410000e-02
   7.5410000e-02
   7.5410000e-02
   7.6040000e-02
   7.6680000e-02
   7.7940000e-02
   7.7940000e-02
   7.7940000e-02
   7.7940000e-02
   7.7940000e-02
   7.9840000e-02
   7.8580000e-02
   7.8580000e-02
   7.9210000e-02
   7.9210000e-02
   7.9210000e-02
   7.9210000e-02
   7.8580000e-02
   7.9210000e-02
   7.8580000e-02
   7.8580000e-02
   7.8580000e-02
   7.9210000e-02
   8.0480000e-02
   8.0480000e-02
   7.9840000e-02
   7.9210000e-02
   7.9840000e-02
   8.0480000e-02
   8.0480000e-02
   8.1110000e-02
   8.1110000e-02
   8.1110000e-02
   8.1110000e-02
   8.1110000e-02
   8.1110000e-02
   7.9840000e-02
   7.9210000e-02
   7.9210000e-02
   8.0480000e-02
   8.1110000e-02
   8.1740000e-02
   8.3010000e-02
   8.3650000e-02
   8.4280000e-02
   8.4280000e-02
   8.3010000e-02
   8.3010000e-02
   8.3010000e-02
   8.2380000e-02
   8.3010000e-02
   8.2380000e-02
   8.3650000e-02
   8.3650000e-02
   8.3010000e-02
   8.3010000e-02
   8.3010000e-02
   8.3010000e-02
   8.3010000e-02
   8.3010000e-02
   8.1740000e-02
   8.1740000e-02
   8.2380000e-02
   8.2380000e-02
   8.2380000e-02
   8.2380000e-02
   8.3010000e-02
   8.3010000e-02
   8.2380000e-02
   8.2380000e-02
   8.2380000e-02
   8.3650000e-02
   8.3650000e-02
   8.3010000e-02
   8.4910000e-02
   8.5550000e-02
   8.3650000e-02
   8.3650000e-02
   8.3010000e-02
   8.3010000e-02
   8.3010000e-02
   8.3650000e-02
   8.3650000e-02
   8.3010000e-02
   8.3650000e-02
   8.3650000e-02
   8.3650000e-02
   8.3650000e-02
   8.3650000e-02
   8.3650000e-02
   8.4280000e-02
   8.4280000e-02
   8.4280000e-02
   8.4280000e-02
   8.4280000e-02
   8.3650000e-02
   8.4280000e-02
   8.4280000e-02
   8.4910000e-02
   8.4910000e-02
   8.4910000e-02
   8.4910000e-02
   8.4910000e-02
   8.4910000e-02
   8.4910000e-02
   8.4910000e-02
   8.4910000e-02
   8.6180000e-02
   8.6180000e-02
   8.6810000e-02
   8.6180000e-02
   8.6180000e-02
   8.6180000e-02
   8.6180000e-02
   8.6180000e-02
   8.5550000e-02
   8.5550000e-02
   8.6180000e-02
   8.6810000e-02
   8.6810000e-02
   8.6180000e-02
   8.4910000e-02
   8.6180000e-02
   8.7450000e-02
   8.7450000e-02
   8.6810000e-02
   8.6180000e-02
   8.6810000e-02
   8.7450000e-02
   8.7450000e-02
   8.6810000e-02
   8.7450000e-02
   8.8720000e-02
   8.8720000e-02
   8.8720000e-02
   8.8720000e-02
   1.0773000e-01
   1.0519000e-01
   1.0899000e-01
   1.0646000e-01
   9.2520000e-02
   9.2520000e-02
   9.3150000e-02
   9.2520000e-02
   9.2520000e-02
   9.2520000e-02
   9.2520000e-02
   9.2520000e-02
   9.2520000e-02
   9.2520000e-02
   9.2520000e-02
   9.3150000e-02
   9.3150000e-02
   9.2520000e-02
   9.1880000e-02
   9.2520000e-02
   9.2520000e-02
   9.1880000e-02
   9.2520000e-02
   9.2520000e-02
   9.2520000e-02
   9.2520000e-02
   9.1880000e-02
   9.1880000e-02
   9.3150000e-02
   9.3150000e-02
   9.3780000e-02
   9.3150000e-02
   9.3780000e-02
   9.3780000e-02
   9.4420000e-02
   9.4420000e-02
   9.4420000e-02
   9.4420000e-02
   9.4420000e-02
   9.4420000e-02
   9.5050000e-02
   9.5050000e-02
   9.6320000e-02
   9.8850000e-02
   1.0076000e-01
   1.0076000e-01
   9.9490000e-02
   9.9490000e-02
   9.9490000e-02
   9.8850000e-02
   9.8850000e-02
   9.8850000e-02
   9.9490000e-02
   1.0012000e-01
   1.0012000e-01
   1.0012000e-01
   1.0012000e-01
   1.0012000e-01
   1.0012000e-01
   1.0139000e-01
   1.0076000e-01
   1.0266000e-01
   1.0329000e-01
   1.0329000e-01
   1.0329000e-01
   1.0012000e-01
   1.0076000e-01
   1.0012000e-01
   1.0012000e-01
   9.9490000e-02
   1.0012000e-01
   1.0012000e-01
   1.0012000e-01
   1.0012000e-01
   1.0012000e-01
   9.9230000e-02
   1.0012000e-01
   1.0012000e-01
   9.9490000e-02
   9.9490000e-02
   1.0012000e-01
   1.0012000e-01
   1.0012000e-01
   1.0012000e-01
   9.9490000e-02
   9.9490000e-02
   9.9490000e-02
   1.0012000e-01
   9.9490000e-02
   9.9490000e-02
   9.9490000e-02
   9.9490000e-02
   9.9490000e-02
   9.9490000e-02
   9.9490000e-02
   9.9490000e-02
   9.8220000e-02
   9.8220000e-02
   9.8220000e-02
   9.8220000e-02
   9.8220000e-02
   9.8220000e-02
   9.7590000e-02
   9.8220000e-02
   9.8220000e-02
   9.8850000e-02
   9.8220000e-02
   9.8220000e-02
   9.8850000e-02
   9.8220000e-02
   9.7590000e-02
   9.6950000e-02
   9.5690000e-02
   9.5050000e-02
   9.5050000e-02
   9.5050000e-02
   9.5050000e-02
   9.5690000e-02
   9.5050000e-02
   9.6320000e-02
   9.6320000e-02
   9.5690000e-02
   9.5690000e-02
   9.6950000e-02
   9.6950000e-02
   9.6950000e-02
   9.6950000e-02
   9.6950000e-02
   9.6950000e-02
   1.0012000e-01
   9.6320000e-02
   9.5690000e-02
   9.5050000e-02
   9.5050000e-02
   9.4420000e-02
   9.2520000e-02
   9.3150000e-02
   9.2520000e-02
   9.2520000e-02
   9.2520000e-02
   9.3150000e-02
   9.3150000e-02
   9.3150000e-02
   9.2520000e-02
   9.2520000e-02
   9.2520000e-02
   9.2520000e-02
   9.1880000e-02
   9.0620000e-02
   8.9980000e-02
   8.9350000e-02
   8.8720000e-02
   8.8080000e-02
   8.8720000e-02
   8.9350000e-02
   8.9980000e-02
   9.0620000e-02
   9.0620000e-02
   9.1250000e-02
   9.0620000e-02
   9.1250000e-02
   9.1880000e-02
   9.1880000e-02
   9.0620000e-02
   9.1250000e-02
   9.0620000e-02
   9.0620000e-02
   9.1250000e-02
   9.1250000e-02
   9.0620000e-02
   9.1250000e-02
   9.0620000e-02
   9.0620000e-02
   9.0620000e-02
   9.0620000e-02
   9.0620000e-02
   9.0620000e-02
   9.0620000e-02
   9.0620000e-02
   9.0620000e-02
   8.9980000e-02
   8.9980000e-02
   8.9980000e-02
   8.9980000e-02
   9.0620000e-02
   9.0620000e-02
   9.0620000e-02
   9.1250000e-02
   9.1250000e-02
   9.1880000e-02
   9.2520000e-02
   9.3150000e-02
   9.1250000e-02
   9.1880000e-02
   9.1880000e-02
   9.1880000e-02
   9.1250000e-02
   9.1250000e-02
   9.1250000e-02
   8.9350000e-02
   8.8720000e-02
   8.9980000e-02
   8.9350000e-02
   8.9350000e-02
   8.6810000e-02
   8.8080000e-02
   8.8080000e-02
   8.8080000e-02
   8.8080000e-02
   8.8720000e-02
   8.8720000e-02
   8.8080000e-02
   8.8080000e-02
   8.8080000e-02
   8.8720000e-02
   8.8720000e-02
   8.8720000e-02
   8.8720000e-02
   8.8720000e-02
   8.8720000e-02
   8.8080000e-02
   8.6810000e-02
   8.6180000e-02
   8.6810000e-02
   8.6180000e-02
   8.6810000e-02
   8.6810000e-02
   8.6180000e-02
   8.6180000e-02
   8.6180000e-02
   8.6180000e-02
   8.6180000e-02
   8.3650000e-02
   8.3650000e-02
   8.4280000e-02
   8.6180000e-02
   8.6810000e-02
   8.6810000e-02
   8.5550000e-02
   8.6180000e-02
   8.6180000e-02
   8.6180000e-02
   8.6180000e-02
   8.5550000e-02
   8.6180000e-02
   8.8080000e-02
   8.6180000e-02
   8.6180000e-02
   8.6180000e-02
   8.6180000e-02
   8.6180000e-02
   8.6180000e-02
   8.7450000e-02
   8.7450000e-02
   1.0519000e-01
   8.6810000e-02
   8.6180000e-02
   8.5550000e-02
   8.4910000e-02
   8.4280000e-02
   8.3650000e-02
   8.4280000e-02
   8.4280000e-02
   8.3650000e-02
   8.3010000e-02
   8.3010000e-02
   8.3010000e-02
   8.3010000e-02
   8.3650000e-02
   8.3650000e-02
   8.4280000e-02
   8.3650000e-02
   8.3650000e-02
   8.4280000e-02
   8.3650000e-02
   8.3010000e-02
   8.3650000e-02
   8.3650000e-02
   8.3650000e-02
   8.3010000e-02
   8.3010000e-02
   8.3010000e-02
   8.3650000e-02
   8.3650000e-02
   8.3650000e-02
   8.3010000e-02
   8.3010000e-02
   8.3650000e-02
   8.3010000e-02
   8.3650000e-02
   8.3650000e-02
   8.3650000e-02
   8.3650000e-02
   8.3650000e-02
   8.3650000e-02
   8.3650000e-02
   8.3650000e-02
   8.3650000e-02
   8.3650000e-02
   8.3650000e-02
   8.3650000e-02
   8.3650000e-02
   8.3650000e-02
   8.3650000e-02
   8.3650000e-02
   8.3650000e-02
   8.4280000e-02
   8.4280000e-02
   8.3650000e-02
   8.3650000e-02
   8.3650000e-02
   8.3650000e-02
   8.3650000e-02
   8.3650000e-02
   8.6810000e-02
   8.5550000e-02
   8.5550000e-02
   8.6180000e-02
   8.5550000e-02
   8.4280000e-02
   8.4280000e-02
   8.4280000e-02
   8.4280000e-02
   8.4910000e-02
   8.4280000e-02
   8.4280000e-02
   8.4280000e-02
   8.4280000e-02
   8.4280000e-02
   8.4280000e-02
   8.4280000e-02
   8.4910000e-02
   8.4910000e-02
   8.4910000e-02
   8.4910000e-02
   8.4280000e-02
   8.4280000e-02
   8.4910000e-02
   8.3650000e-02
   8.4280000e-02
   8.4280000e-02
   8.4280000e-02
   8.4280000e-02
   8.3650000e-02
   8.3650000e-02
   8.3010000e-02
   8.3010000e-02
   8.3010000e-02
   8.3010000e-02
   8.3650000e-02
   8.3650000e-02
   8.3010000e-02
   8.3010000e-02
   8.3010000e-02
   8.3010000e-02
   8.3010000e-02
   8.3010000e-02
   8.3010000e-02
   8.3010000e-02
   8.3650000e-02
   8.3010000e-02
   8.3010000e-02
   8.3010000e-02
   8.3010000e-02
   8.3010000e-02
   8.3010000e-02
   8.3010000e-02
   8.3650000e-02
   8.4280000e-02
   8.3650000e-02
   8.3010000e-02
   8.3010000e-02
   8.3010000e-02
   8.3650000e-02
   8.3650000e-02
   8.4280000e-02
   8.3650000e-02
   8.4280000e-02
   8.4280000e-02
   8.6180000e-02
   8.4280000e-02
   8.3650000e-02
   8.3650000e-02
   8.3650000e-02
   8.3650000e-02
   8.3650000e-02
   8.4280000e-02
   8.4910000e-02
   8.4910000e-02
   8.4280000e-02
   8.4280000e-02
   8.3650000e-02
   8.2380000e-02
   8.2380000e-02
   8.1740000e-02
   8.1740000e-02
   8.1740000e-02
   8.1110000e-02
   8.1110000e-02
   8.1740000e-02
   8.1430000e-02
   8.1740000e-02
   8.1110000e-02
   8.1110000e-02
   8.1110000e-02
   8.1110000e-02
   8.1740000e-02
   8.1740000e-02
   8.1740000e-02
   8.1740000e-02
   8.1740000e-02
   8.1740000e-02
   8.1740000e-02
   8.2380000e-02
   8.2380000e-02
   8.2380000e-02
   8.3650000e-02
   8.3010000e-02
   8.2380000e-02
   8.1740000e-02
   8.2380000e-02
   8.2380000e-02
   8.2380000e-02
   8.1740000e-02
   8.1740000e-02
   8.1110000e-02
   8.1110000e-02
   8.1740000e-02
   8.1740000e-02
   8.1740000e-02
   8.1740000e-02
   8.2380000e-02
   8.2380000e-02
   8.1740000e-02
   8.1740000e-02
   8.1740000e-02
   8.1740000e-02
   8.2380000e-02
   8.1740000e-02
   8.6810000e-02
   8.6810000e-02
   8.7450000e-02
   8.8720000e-02
   8.8720000e-02
   8.3010000e-02
   8.3010000e-02
   8.2380000e-02
   8.3010000e-02
   8.3010000e-02
   8.3010000e-02
   8.3010000e-02
   8.3650000e-02
   8.3650000e-02
   8.3010000e-02
   8.2380000e-02
   8.1740000e-02
   8.2380000e-02
   8.2380000e-02
   8.2380000e-02
   8.2380000e-02
   8.2380000e-02
   8.1740000e-02
   8.1110000e-02
   8.1740000e-02
   8.1110000e-02
   8.0480000e-02
   7.9840000e-02
   7.9840000e-02
   7.9840000e-02
   7.9840000e-02
   8.1110000e-02
   8.1110000e-02
   8.1110000e-02
   8.0480000e-02
   7.9840000e-02
   8.0480000e-02
   8.0480000e-02
   7.9840000e-02
   7.9840000e-02
   8.0480000e-02
   7.9840000e-02
   7.9840000e-02
   7.9210000e-02
   7.9210000e-02
   7.9210000e-02
   7.8580000e-02
   7.8580000e-02
   7.9210000e-02
   8.1110000e-02
   7.9840000e-02
   7.9210000e-02
   7.8580000e-02
   7.8580000e-02
   7.7310000e-02
   7.6680000e-02
   7.6040000e-02
   7.4770000e-02
   7.4140000e-02
   7.4140000e-02
   7.4140000e-02
   7.4770000e-02
   7.5410000e-02
   7.6040000e-02
   7.4770000e-02
   7.4770000e-02
   8.2140000e-02
   7.9210000e-02
   7.6490000e-02
   7.9840000e-02
   7.8580000e-02
   7.6040000e-02
   7.4140000e-02
   7.5410000e-02
   7.5410000e-02
   7.5410000e-02
   7.2240000e-02
   7.0340000e-02
   7.0970000e-02
   7.4770000e-02
   7.4140000e-02
   7.4770000e-02
   7.2240000e-02
   7.0340000e-02
   6.9700000e-02
   6.5900000e-02
   6.7800000e-02
   6.7800000e-02
   6.9070000e-02
   6.9700000e-02
   7.0970000e-02
   7.0970000e-02
   7.0970000e-02
   6.6540000e-02
   6.5900000e-02
   6.5270000e-02
   6.4640000e-02
   6.4320000e-02
   6.4640000e-02
   6.5270000e-02
   6.5270000e-02
   6.5270000e-02
   6.5270000e-02
   6.5270000e-02
   6.5270000e-02
   6.5270000e-02
   6.5900000e-02
   6.5900000e-02
   6.6540000e-02
   6.6540000e-02
   6.6540000e-02
   6.6540000e-02
   6.6540000e-02
   6.6540000e-02
   6.6540000e-02
   6.5900000e-02
   6.5900000e-02
   6.5900000e-02
   6.5270000e-02
   6.3370000e-02
   6.3370000e-02
   6.2730000e-02
   6.1470000e-02
   6.1470000e-02
   6.2100000e-02
   6.3370000e-02
   6.8440000e-02
   6.7170000e-02
   6.7170000e-02
   6.7170000e-02
   6.7800000e-02
   6.2730000e-02
   6.3370000e-02
   6.4000000e-02
   6.4000000e-02
   6.4000000e-02
   6.2100000e-02
   6.1470000e-02
   6.1470000e-02
   6.0830000e-02
   6.0200000e-02
   5.9570000e-02
   5.9570000e-02
   6.1470000e-02
   6.2100000e-02
   6.2100000e-02
   6.2100000e-02
   6.1470000e-02
   6.2100000e-02
   6.2100000e-02
   6.1470000e-02
   6.0830000e-02
   6.1470000e-02
   6.0200000e-02
   6.0200000e-02
   6.0200000e-02
   5.9570000e-02
   6.0200000e-02
   5.9570000e-02
   5.8300000e-02
   5.8930000e-02
   6.0200000e-02
   6.0200000e-02
   6.0200000e-02
   5.9570000e-02
   5.9570000e-02
   5.9570000e-02
   5.9570000e-02
   5.9570000e-02
   6.0200000e-02
   6.4640000e-02
   5.9570000e-02
   5.9570000e-02
   6.0200000e-02
   6.0200000e-02
   6.0200000e-02
   6.0830000e-02
   6.1470000e-02
   6.0830000e-02
   6.0200000e-02
   6.0830000e-02
   6.0830000e-02
   6.0830000e-02
   6.0200000e-02
   5.9570000e-02
   5.9570000e-02
   5.9570000e-02
   5.9570000e-02
   6.2100000e-02
   6.2100000e-02
   6.2100000e-02
   6.2100000e-02
   6.2730000e-02
   6.0200000e-02
   6.0200000e-02
   6.0830000e-02
   6.0830000e-02
   6.0830000e-02
   6.0830000e-02
   6.0830000e-02
   6.0830000e-02
   6.0830000e-02
   6.0830000e-02
   6.0830000e-02
   6.0830000e-02
   6.0200000e-02
   6.0200000e-02
   6.0200000e-02
   6.0200000e-02
   6.0200000e-02
   6.0200000e-02
   6.0200000e-02
   6.0200000e-02
   6.0200000e-02
   5.9570000e-02
   5.8930000e-02
   5.8930000e-02
   5.8930000e-02
   5.9570000e-02
   5.8930000e-02
   5.8930000e-02
   5.9570000e-02
   5.7030000e-02
   5.7030000e-02
   5.7660000e-02
   5.7660000e-02
   5.8300000e-02
   5.8300000e-02
   5.7660000e-02
   5.7030000e-02
   5.8300000e-02
   5.7660000e-02
   5.7030000e-02
   5.7030000e-02
   5.7660000e-02
   5.7350000e-02
   5.7660000e-02
   5.7030000e-02
   5.7030000e-02
   5.7030000e-02
   5.7030000e-02
   5.7350000e-02
   5.7660000e-02
   5.7660000e-02
   5.7660000e-02
   5.7030000e-02
   5.7030000e-02
   5.6400000e-02
   5.6400000e-02
   5.5130000e-02
   5.5130000e-02
   5.7660000e-02
   5.5760000e-02
   5.5130000e-02
   5.7350000e-02
   5.6400000e-02
   5.7030000e-02
   5.6400000e-02
   5.6400000e-02
   5.5130000e-02
   5.4500000e-02
   5.4500000e-02
   5.4500000e-02
   5.4500000e-02
   5.3860000e-02
   5.3860000e-02
   5.3860000e-02
   5.3860000e-02
   5.3860000e-02
   5.3230000e-02
   5.3230000e-02
   5.3860000e-02
   5.3860000e-02
   5.3860000e-02
   5.3860000e-02
   5.3860000e-02
   5.3860000e-02
   5.3860000e-02
   5.3230000e-02
   5.3860000e-02
   5.4500000e-02
   5.3860000e-02
   5.2600000e-02
   5.1330000e-02
   5.0690000e-02
   5.1330000e-02
   5.1330000e-02
   5.0060000e-02
   5.0060000e-02
   4.9430000e-02
   4.9430000e-02
   4.9900000e-02
   5.0060000e-02
   4.9430000e-02
   4.9430000e-02
   4.9430000e-02
   4.8790000e-02
   4.8790000e-02
   4.8790000e-02
   4.8790000e-02
   4.8790000e-02
   4.9430000e-02
   4.9430000e-02
   4.9430000e-02
   4.9430000e-02
   4.9430000e-02
   4.8790000e-02
   4.5630000e-02
   4.6260000e-02
   4.6260000e-02
   4.6260000e-02
   4.5630000e-02
   4.5630000e-02
   4.5630000e-02
   4.4990000e-02
   4.5630000e-02
   4.6260000e-02
   4.6260000e-02
   4.6260000e-02
   5.1960000e-02
   4.6890000e-02
   4.4990000e-02
   4.4990000e-02
   4.4360000e-02
   4.4040000e-02
   4.3720000e-02
   4.2460000e-02
   4.1190000e-02
   4.1190000e-02
   4.1820000e-02
   4.1820000e-02
   4.2460000e-02
   4.2460000e-02
   4.2460000e-02
   4.1190000e-02
   4.1820000e-02
   4.1820000e-02
   4.1820000e-02
   4.1820000e-02
   4.2460000e-02
   4.2460000e-02
   4.1820000e-02
   4.1190000e-02
   4.1820000e-02
   4.1820000e-02
   4.1820000e-02
   4.1190000e-02
   4.1190000e-02
   4.0560000e-02
   3.9920000e-02
   4.0560000e-02
   4.0560000e-02
   4.1190000e-02
   4.1190000e-02
   4.1820000e-02
   4.2460000e-02
   4.2460000e-02
   4.2460000e-02
   4.2460000e-02
   4.2460000e-02
   4.3090000e-02
   4.1820000e-02
   4.1820000e-02
   4.2460000e-02
   4.2460000e-02
   4.3090000e-02
   4.2460000e-02
   4.2460000e-02
   4.2460000e-02
   4.2460000e-02
   4.1820000e-02
   4.1820000e-02
   4.1820000e-02
   4.1820000e-02
   4.2460000e-02
   4.2460000e-02
   4.2460000e-02
   4.1820000e-02
   4.1820000e-02
   4.1820000e-02
   4.4990000e-02
   4.4360000e-02
   4.4360000e-02
   4.3090000e-02
   4.3720000e-02
   4.2460000e-02
   4.2460000e-02
   4.1820000e-02
   4.1820000e-02
   4.2460000e-02
   4.1820000e-02
   4.1820000e-02
   4.1820000e-02
   4.1820000e-02
   3.9920000e-02
   4.0560000e-02
   4.0560000e-02
   4.0560000e-02
   4.0560000e-02
   4.0560000e-02
   3.9920000e-02
   4.0560000e-02
   3.9920000e-02
   3.9920000e-02
   3.9920000e-02
   3.9920000e-02
   3.9920000e-02
   3.9920000e-02
   3.9290000e-02
   3.9290000e-02
   3.8650000e-02
   3.8650000e-02
   3.8650000e-02
   3.9290000e-02
   3.9290000e-02
   3.8650000e-02
   3.8650000e-02
   3.9290000e-02
   3.9290000e-02
   3.8650000e-02
   3.8650000e-02
   3.9290000e-02
   3.9920000e-02
   3.9920000e-02
   3.9920000e-02
   3.9920000e-02
   3.9920000e-02
   4.0560000e-02
   3.9920000e-02
   3.9290000e-02
   3.9290000e-02
   3.9290000e-02
   3.9290000e-02
   3.9290000e-02
   3.9290000e-02
   3.9290000e-02
   3.9290000e-02
   3.9290000e-02
   3.9290000e-02
   3.9290000e-02
   3.8650000e-02
   3.8650000e-02
   3.9920000e-02
   3.9920000e-02
   3.9290000e-02
   3.9290000e-02
   3.9290000e-02
   3.9290000e-02
   3.9290000e-02
   3.9290000e-02
   3.6120000e-02
   3.4850000e-02
   3.5490000e-02
   3.4850000e-02
   3.3590000e-02
   3.3590000e-02
   3.3590000e-02
   3.3590000e-02
   3.3590000e-02
   3.3590000e-02
   3.3590000e-02
   3.4220000e-02
   3.3590000e-02
   3.4220000e-02
   3.4220000e-02
   3.4220000e-02
   3.4220000e-02
   3.3590000e-02
   3.3590000e-02
   3.3590000e-02
   3.3590000e-02
   3.3590000e-02
   3.4220000e-02
   3.4220000e-02
   3.3590000e-02
   3.4220000e-02
   3.4220000e-02
   3.4220000e-02
   3.3590000e-02
   3.3590000e-02
   3.3590000e-02
   3.3590000e-02
   3.4780000e-02
   3.3510000e-02
   3.3560000e-02
   3.2900000e-02
   3.2900000e-02
   3.2900000e-02
   3.3560000e-02
   3.4170000e-02
   3.3590000e-02
   3.2900000e-02
   3.3560000e-02
   3.4830000e-02
   3.2900000e-02
   3.3560000e-02
   3.1630000e-02
   3.1630000e-02
   3.1630000e-02
   3.0370000e-02
   3.1630000e-02
   3.1030000e-02
   3.1030000e-02
   3.0970000e-02
   3.1680000e-02
   3.1030000e-02
   3.0970000e-02
   3.1630000e-02
   3.3560000e-02
   3.2950000e-02
   3.3860000e-02
   3.3510000e-02
   3.2900000e-02
   3.3560000e-02
   3.1680000e-02
   3.0370000e-02
   3.0970000e-02
   3.0970000e-02
   2.9760000e-02
   3.0370000e-02
   3.1630000e-02
   3.1630000e-02
   3.1630000e-02
   3.2290000e-02
   3.2290000e-02
   3.2290000e-02
   3.2290000e-02
   3.1680000e-02
   3.1680000e-02
   3.2290000e-02
   3.1030000e-02
   3.1030000e-02
   3.2290000e-02
   3.2290000e-02
   3.1630000e-02
   3.1680000e-02
   3.0970000e-02
   3.2290000e-02
   3.1030000e-02
   3.2290000e-02
   3.2750000e-02
   3.3100000e-02
   3.2600000e-02
   3.3260000e-02
   3.2900000e-02
   3.1630000e-02
   3.1030000e-02
   3.1630000e-02
   3.1630000e-02
   3.1030000e-02
   3.2290000e-02
   3.1030000e-02
   3.1030000e-02
   3.1030000e-02
   2.9760000e-02
   3.0370000e-02
   3.0370000e-02
   3.1630000e-02
   3.1030000e-02
   3.0370000e-02
   3.0370000e-02
   2.9760000e-02
   3.1030000e-02
   2.9760000e-02
   2.9760000e-02
   2.9780000e-02
   3.0370000e-02
   2.9760000e-02
   2.9780000e-02
   3.1680000e-02
   3.1050000e-02
   3.1050000e-02
   3.0420000e-02
   3.1050000e-02
   3.2950000e-02
   4.1190000e-02
   4.0560000e-02
   3.2320000e-02
   3.4220000e-02
   3.3590000e-02
   3.2950000e-02
   3.1680000e-02
   3.2950000e-02
   3.1680000e-02
   3.1050000e-02
   3.1680000e-02
   3.0420000e-02
   3.2320000e-02
   2.9780000e-02
   3.0420000e-02
   3.1680000e-02
   3.1680000e-02
   3.0420000e-02
   2.9780000e-02
   3.0420000e-02
   3.0420000e-02
   3.2320000e-02
   2.9780000e-02
   3.1680000e-02
   3.1680000e-02
   3.1680000e-02
   3.1050000e-02
   3.1680000e-02
   3.1050000e-02
   3.1050000e-02
   3.1030000e-02
   3.1050000e-02
   3.1680000e-02
   3.1680000e-02
   3.0420000e-02
   3.1050000e-02
   3.1680000e-02
   3.1050000e-02
   2.9780000e-02
   3.0420000e-02
   3.0420000e-02
   3.1050000e-02
   3.1680000e-02
   3.1050000e-02
   3.1680000e-02
   3.2950000e-02
   3.1050000e-02
   3.1050000e-02
   3.1680000e-02
   3.1370000e-02
   3.1680000e-02
   3.1050000e-02
   3.0420000e-02
   3.0420000e-02
   3.2320000e-02
   3.1050000e-02
   3.0420000e-02
   2.9780000e-02
   3.1050000e-02
   2.9780000e-02
   3.1050000e-02
   3.0420000e-02
   3.1680000e-02
   3.2320000e-02
   3.1680000e-02
   3.0420000e-02
   3.2320000e-02
   3.1680000e-02
   3.0420000e-02
   3.1050000e-02
   3.1050000e-02
   3.0420000e-02
   3.1050000e-02
   3.1680000e-02
   3.0730000e-02
   3.1680000e-02
   3.1050000e-02
   3.0420000e-02
   3.1680000e-02
   3.1680000e-02
   3.1680000e-02
   3.0420000e-02
   3.1050000e-02
   3.1050000e-02
   3.1680000e-02
   3.0420000e-02
   3.1050000e-02
   2.9820000e-02
   3.0420000e-02
   2.9150000e-02
   2.9780000e-02
   3.0420000e-02
   3.0420000e-02
   3.0420000e-02
   3.0420000e-02
   3.1050000e-02
   3.1050000e-02
   3.0420000e-02
   3.0420000e-02
   2.9780000e-02
   3.0100000e-02
   3.1680000e-02
   3.0420000e-02
   3.1050000e-02
   3.0420000e-02
   3.1050000e-02
   3.1050000e-02
   3.1050000e-02
   3.1050000e-02
   3.1050000e-02
   3.1680000e-02
   3.1050000e-02
   3.1050000e-02
   3.0420000e-02
   3.1680000e-02
   3.0420000e-02
   3.0140000e-02
   3.0420000e-02
   3.0610000e-02
   3.1680000e-02
   3.0730000e-02
   3.1630000e-02
   3.1680000e-02
   3.2320000e-02
   3.1050000e-02
   3.1680000e-02
   3.1680000e-02
   3.1050000e-02
   3.1680000e-02
   3.0420000e-02
   3.1630000e-02
   3.1050000e-02
   3.2320000e-02
   3.1050000e-02
   3.1370000e-02
   3.0420000e-02
   3.1050000e-02
   3.1680000e-02
   3.0420000e-02
   3.0730000e-02
   3.1050000e-02
   3.1050000e-02
   3.0420000e-02
   3.0420000e-02
   3.0730000e-02
   3.0420000e-02
   2.9780000e-02
   3.1050000e-02
   3.0420000e-02
   3.0420000e-02
   3.1680000e-02
   3.0420000e-02
   3.0420000e-02
   3.1050000e-02
   3.1680000e-02
   3.1050000e-02
   3.1050000e-02
   3.1370000e-02
   3.1050000e-02
   3.1050000e-02
   3.1680000e-02
   3.1050000e-02
   3.1680000e-02
   3.0420000e-02
   3.1370000e-02
   3.1680000e-02
   3.1680000e-02
   3.1370000e-02
   3.0420000e-02
   3.1680000e-02
   3.1050000e-02
   3.1050000e-02
   3.0420000e-02
   2.9470000e-02
   3.0100000e-02
   2.9780000e-02
   3.1680000e-02
   3.0420000e-02
   3.1050000e-02
   3.0420000e-02
   3.1150000e-02
   3.1050000e-02
   2.9780000e-02
   3.0420000e-02
   3.1050000e-02
   3.0730000e-02
   3.1680000e-02
   3.1680000e-02
   3.1680000e-02
   3.1680000e-02
   3.2320000e-02
   3.1370000e-02
   3.1370000e-02
   3.1680000e-02
   3.0730000e-02
   3.2320000e-02
   3.1050000e-02
   3.1050000e-02
   3.0730000e-02
   3.1050000e-02
   3.1680000e-02
   3.0420000e-02
   3.0140000e-02
   3.0420000e-02
   3.0420000e-02
   3.0420000e-02
   3.1050000e-02
   3.1050000e-02
   3.1050000e-02
   3.1050000e-02
   3.1050000e-02
   3.1370000e-02
   3.0420000e-02
   2.9780000e-02
   3.1050000e-02
   3.1050000e-02
   2.9780000e-02
   3.1050000e-02
   3.0420000e-02
   3.1050000e-02
   3.0420000e-02
   3.1050000e-02
   3.0420000e-02
   2.9780000e-02
   3.0420000e-02
   3.0420000e-02
   3.0420000e-02
   3.1050000e-02
   3.1050000e-02
   3.1680000e-02
   3.1050000e-02
   3.0420000e-02
   3.0100000e-02
   3.0420000e-02
   3.1050000e-02
   3.0420000e-02
   2.9780000e-02
   3.1050000e-02
   3.0420000e-02
   3.1370000e-02
   3.0260000e-02
   3.0420000e-02
   3.0420000e-02
   2.9780000e-02
   2.9780000e-02
   2.9150000e-02
   3.0420000e-02
   3.0100000e-02
   3.0420000e-02
   2.9780000e-02
   3.0420000e-02
   3.0420000e-02
   3.1370000e-02
   3.2950000e-02
   3.3590000e-02
   3.0420000e-02
   3.2950000e-02
   3.1680000e-02
   3.1050000e-02
   3.1050000e-02
   3.0140000e-02
   3.0420000e-02
   3.0730000e-02
   2.9150000e-02
   3.0420000e-02
   2.9780000e-02
   2.9780000e-02
   3.0420000e-02
   3.0420000e-02
   2.9780000e-02
   3.0420000e-02
   2.9780000e-02
   3.1050000e-02
   3.1050000e-02
   3.0420000e-02
   3.0420000e-02
   3.0420000e-02
   3.0420000e-02
   3.1370000e-02
   3.1050000e-02
   3.0920000e-02
   3.3590000e-02
   3.2950000e-02
   3.3590000e-02
   3.3590000e-02
   3.2320000e-02
   3.3590000e-02
   3.4220000e-02
   3.3270000e-02
   3.2320000e-02
   3.2950000e-02
   3.3590000e-02
   3.3590000e-02
   3.3590000e-02
   3.3590000e-02
   3.3590000e-02
   3.3590000e-02
   3.3590000e-02
   3.3590000e-02
   3.3590000e-02
   3.3590000e-02
   3.4170000e-02
   3.4850000e-02
   3.4850000e-02
   3.3590000e-02
   3.4220000e-02
   3.3900000e-02
   3.2950000e-02
   3.3590000e-02
   3.3590000e-02
   3.3590000e-02
   3.5170000e-02
   3.5490000e-02
   3.6750000e-02
   3.6750000e-02
   3.6120000e-02
   3.6750000e-02
   3.6120000e-02
   3.5490000e-02
   3.6120000e-02
   3.7390000e-02
   3.7390000e-02
   3.6750000e-02
   3.6750000e-02
   3.6750000e-02
   3.5490000e-02
   3.6120000e-02
   3.6090000e-02
   3.5800000e-02
   3.5490000e-02
   3.6120000e-02
   3.8020000e-02
   3.8020000e-02
   3.7390000e-02
   3.8020000e-02
   3.8650000e-02
   3.8340000e-02
   3.8020000e-02
   3.7390000e-02
   3.8020000e-02
   3.7390000e-02
   3.7390000e-02
   3.8650000e-02
   3.8020000e-02
   3.8650000e-02
   3.9070000e-02
   4.0560000e-02
   4.0560000e-02
   3.9290000e-02
   4.0560000e-02
   3.9610000e-02
   4.0560000e-02
   4.0080000e-02
   4.3090000e-02
   4.2330000e-02
   4.1190000e-02
   4.1820000e-02
   4.2460000e-02
   4.2460000e-02
   4.3090000e-02
   4.2770000e-02
   4.2460000e-02
   4.2300000e-02
   4.3720000e-02
   4.3410000e-02
   4.2460000e-02
   4.3090000e-02
   4.2770000e-02
   4.3090000e-02
   4.1820000e-02
   4.3090000e-02
   4.2460000e-02
   4.3090000e-02
   4.2770000e-02
   4.3090000e-02
   4.2460000e-02
   4.2460000e-02
   4.2460000e-02
   4.2460000e-02
   4.3090000e-02
   4.3720000e-02
   4.3090000e-02
   4.3720000e-02
   4.3720000e-02
   4.4990000e-02
   4.4970000e-02
   4.5630000e-02
   4.4990000e-02
   4.3720000e-02
   4.3600000e-02
   4.3720000e-02
   4.3090000e-02
   4.3720000e-02
   4.3720000e-02
   4.2460000e-02
   4.3090000e-02
   4.2720000e-02
   4.2460000e-02
   4.2510000e-02
   4.2940000e-02
   4.3720000e-02
   4.3090000e-02
   4.3090000e-02
   4.2740000e-02
   4.3040000e-02
   4.3700000e-02
   4.3390000e-02
   4.2890000e-02
   4.3090000e-02
   4.3720000e-02
   4.5820000e-02
   4.3720000e-02
   4.4360000e-02
   4.3720000e-02
   4.4990000e-02
   4.5570000e-02
   4.6260000e-02
   4.7840000e-02
   4.8160000e-02
   4.8160000e-02
   4.6890000e-02
   4.7630000e-02
   4.7530000e-02
   4.7530000e-02
   4.8160000e-02
   4.7530000e-02
   4.8160000e-02
   4.8790000e-02
   4.8160000e-02
   4.7530000e-02
   4.8160000e-02
   4.8480000e-02
   4.8480000e-02
   4.8160000e-02
   4.7530000e-02
   4.8790000e-02
   4.8160000e-02
   4.8160000e-02
   4.8160000e-02
   4.8160000e-02
   4.8160000e-02
   4.7530000e-02
   4.8160000e-02
   4.7530000e-02
   4.9430000e-02
   5.0060000e-02
   5.0060000e-02
   4.8160000e-02
   4.9430000e-02
   4.8790000e-02
   4.8160000e-02
   4.8790000e-02
   4.7530000e-02
   5.1960000e-02
   4.8160000e-02
   4.9430000e-02
   4.8790000e-02
   4.8160000e-02
   4.7530000e-02
   4.7840000e-02
   4.8160000e-02
   4.7530000e-02
   4.8790000e-02
   4.7530000e-02
   4.7530000e-02
   4.8790000e-02
   4.8160000e-02
   4.8160000e-02
   4.8160000e-02
   4.8790000e-02
   4.8160000e-02
   4.7530000e-02
   4.7530000e-02
   4.8160000e-02
   4.8160000e-02
   4.8160000e-02
   4.9110000e-02
   5.1640000e-02
   5.1330000e-02
   5.3230000e-02
   5.2600000e-02
   5.4500000e-02
   5.5760000e-02
   5.5760000e-02
   5.5130000e-02
   5.5130000e-02
   5.5760000e-02
   5.5760000e-02
   5.6400000e-02
   5.5760000e-02
   5.5920000e-02
   5.6400000e-02
   5.5760000e-02
   5.6400000e-02
   5.6980000e-02
   5.6370000e-02
   5.6400000e-02
   5.6120000e-02
   5.5760000e-02
   5.5760000e-02
   5.5610000e-02
   5.6400000e-02
   5.5760000e-02
   5.5760000e-02
   5.5130000e-02
   5.5760000e-02
   5.6400000e-02
   5.5760000e-02
   6.4000000e-02
   6.3370000e-02
   6.2730000e-02
   6.4640000e-02
   5.8930000e-02
   5.8930000e-02
   5.8300000e-02
   5.7030000e-02
   5.7660000e-02
   5.6400000e-02
   5.6400000e-02
   5.7030000e-02
   5.5130000e-02
   5.5760000e-02
   5.5760000e-02
   5.5760000e-02
   5.6400000e-02
   5.6400000e-02
   5.6400000e-02
   5.6400000e-02
   5.5760000e-02
   5.6400000e-02
   5.6400000e-02
   5.7660000e-02
   5.9570000e-02
   6.0200000e-02
   6.0830000e-02
   6.1470000e-02
   6.0830000e-02
   5.9880000e-02
   6.0830000e-02
   5.9570000e-02
   5.9570000e-02
   6.0200000e-02
   5.9570000e-02
   6.0520000e-02
   6.0830000e-02
   6.1470000e-02
   6.0830000e-02
   6.0200000e-02
   6.0830000e-02
   6.0200000e-02
   6.0830000e-02
   6.0520000e-02
   6.0830000e-02
